**************
0004557440
0022852548
0008747284
0024855848
0024227482
0024227454
0005802248
0022484227
0024808425
0022484204
0025277428
0004280204
0000452877
0007042840
0007082424
0004055282
0005088028
0005088025
0024825055
0024825048
0000754802
0024882807
8000242842
0008400257
0024554544
0022457452
0022550784
0022748574
0024752042
0024752047
0022574872
0024805278
0008502488
0008242827
0000758758
8002052704
8002257824
0004447042
0002475744
8002528855
0004880787
8002742744
0002855288
0000287785
0022224545
0008478522
0002880452
0005250245
0005250254
0008404255
0002702545
0005874484
0000087428
0005588480
0002227285
0005805772
0022255588
0008804407
0020252448
0002882442
0002882408
0002882425
0004024845
0000555058
0002752784
0002752772
0002754025
0024258442
0022502272
0022284755
0005558455
0004240588
0005852282
0007777045
0007777048
0024525488
0024525452
0024525485
0024525457
0008252852
0022825522
0024542528
0002828827
0020555872
0007877204
0007877220
0022484248
0007877275
0007877222
8002755705
8002085257
0000284085
0002828055
0005775087
0002282847
0005752488
0005052778
0008425525
0022288885
0004824022
0005772525
0000442884
0007082225
0004475278
0008704022
0004845545
0005545055
0000858024
0002284425
0005450524
0005450525
0022825474
8002825455
0022825485
0004424228
0002850784
0002850744
0002850725
0008552258
0008552250
0002458255
0005554588
0024825854
0007727555
0005888484
0022554228
0002752050
0002587822
0002284442
0002555258
0002555284
0008842205
0002857422
0004284844
0024505525
0024505524
0004254785
0004258447
0004524248
0008545544
0004257728
0004544555
0005585285
0005254225
0005254244
0024580840
0007250272
0024580824
0022084570
0022802280
8002084844
0002854040
8002588827
0022457488
0024825428
0024542528
0024825445
0002220582
0024058477
0022480004
0024052828
0005485222
0002548248
0005575085
0002255558
0024522882
258847720
0020072824
0005572550
0000824248
0024552755
0024552754
0024857022
0024857004
0024857048
0024857020
0002857554
0008522485
0022585240
0004424425
0020420025
0022740257
0024588552
0008874508
0002284582
0008720202
0024475844
7877845022
0002284228
0002284220
0008824548
0002782442
0002588552
0002782425
8002482858
0024028452
0020457574
0004282727
0022088005
0008425548
0000255284
0022400874
0002554847
0022757785
0002488852
0007450205
0022447558
0005888747
0005755557
0005408472
0008282552
0008270520
0000224278
0008485887
0022770527
0024802448
0008085752
0002542575
0002242828
0005584572
8002204045
0004585807
0002784544
0005874850
0008844545
0002855257
0002040842
0007258252
0022785487
0004275408
0004488452
0022452228
0024484548
0024484547
0024484522
8002442045
0002888527
0020204780
8004252720
0025227072
8000478484
8002485422
0005222780
0004228500
8002572784
0024424447
0002075855
0005245205
0005827242
0024588044
0005275282
0005275270
0008780527
0024250244
0008528484
0005880442
0008278204
0024545808
0024545825
0024545877
0024545824
0004472445
0020474500
0022887844
0022042242
0002244542
0008558077
0002277747
8284408578
0024552272
0024552242
0002444580
8002875228
0024552257
0002444552
0024552225
0005585425
0005454758
0008248527
0002740205
0002740078
0004424442
0005274882
0002282544
0024824888
0024842227
8002874728
8000778548
8002420285
0005274808
8000574075
0008224852
0008470445
0008224887
0008470452
0002775208
0008884482
0008884480
0002478807
0002478872
8002845845
8002858582
0005242847
0002228545
0002528548
0002528555
0020854505
0020854524
0004242574
0008070582
0004458544
0000847854
0022288885
0024744544
8002558028
0008570548
0024744545
0020545852
0004450444
0000252480
0004504247
0008025454
0002245545
0007007425
0020242872
8000288842
0004888240
0004888222
0004888248
0000884458
0008080500
0008222477
0008080528
0002244525
0008825248
0020588805
0022288802
0004507858
0002225574
0022545802
0008405282
0020882458
0005258758
0002024452
0004227484
0022242454
0004445750
0002884040
0004057484
0020578224
0008850258
0004778455
0024445852
0002248050
0004457855
0024542508
0005780282
0005844842
0004747858
0024824504
0004824488
8002525075
0000224480
0005480425
0004282057
0004282028
0024485420
0004288440
0005545480
0005788850
0004282025
0007022420
0008258472
0022824444
0008258485
8002545705
0008258484
8002084248
0024527548
0024527555
0008524728
0002082282
8000752040
8002072774
0022425782
0024758404
0022545757
0022545785
0022545758
0022244257
0022244274
0005472755
0024440407
0024542472
0024542544
0024542500
0024542525
0004545745
8002820204
8002248424
0005484885
0004042242
0002404420
0024508087
0024508052
0004070885
0004585278
0008485024
0020702475
0002055408
0004028545
0005042224
0022202040
0024707558
7072780475
0020470022
0002452458
0000805272
0008858244
0008088242
0005824845
0002854880
0000455725
0004244284
0000552520
0000587875
0005522442
0008874525
0005528527
0002005078
0002005087
0005247482
0008008528
0004448242
0008524555
0022005805
0005088455
0002580845
0024258072
8002824475
0005784074
8002487544
0000287442
0005808052
0025072575
0025072588
8002848278
0025072804
8722004854
0002085487
0008284422
0008284487
0002527428
0008284488
0002527445
0008284404
0008284475
0004745428
0008585405
8002254454
0005847080
0005205580
0004547582
0007784700
0002554245
0002754527
0005224508
0008858584
0002524872
0008744544
0008744525
0020224885
0002224240
0002224258
0024854577
0020224884
0024855840
0008585555
0005705087
0002085482
0024585580
0024585578
8004058828
0008028545
0002072555
0002284455
0002284484
0024225275
0004087482
0000200040
0000200042
0004588427
0024228788
0008572248
0005078845
0024880285
0020845280
0024880284
0008844042
0000555477
0005528808
0024282875
0002020055
0004444284
0007544585
0024875080
0024875052
4287480804
0008425228
0008422822
0002084488
0002245524
0002245582
0002245587
8002787550
0002245505
0022252572
0024205007
0008825088
0020854208
0008088255
0002854750
0022450720
0004224005
**************
